# DHRUV PATEL 0673
100 500
78 59
86 72
47 53
90 33
18 26
82 38
90 60
40 41
30 18
11 23
87 9
2 50
3 15
88 1
68 13
89 45
38 18
7 12
89 63
90 28
79 37
91 11
19 4
80 81
9 76
83 25
44 24
14 19
67 31
90 5
86 53
18 16
91 15
63 33
38 98
63 42
58 94
41 23
50 90
93 60
67 8
32 50
55 24
32 68
67 35
14 32
51 81
79 0
79 18
36 56
77 75
62 77
86 25
59 17
99 62
79 4
13 68
17 20
5 27
99 80
38 70
58 48
69 57
49 97
60 8
52 4
50 71
50 80
19 83
20 48
81 67
10 25
66 24
74 37
86 2
12 53
14 4
97 20
4 67
1 43
4 76
47 28
37 91
46 69
80 43
58 43
9 38
57 96
81 26
7 86
27 64
10 2
30 96
94 99
11 92
66 37
24 31
84 82
72 80
89 20
70 16
34 81
17 19
57 55
37 95
29 2
38 69
9 33
58 47
29 11
80 47
18 72
66 5
0 78
31 56
96 24
13 35
96 60
28 5
1 51
87 91
77 19
16 49
46 50
34 85
37 90
38 64
68 77
80 42
69 51
80 60
15 89
73 30
0 46
85 22
95 54
66 18
13 12
64 48
95 63
41 92
65 31
4 61
28 9
89 86
15 48
57 63
42 20
39 14
48 81
19 45
18 89
48 90
20 19
93 3
75 53
63 97
12 24
33 65
33 74
16 3
87 54
99 19
72 65
56 66
16 30
45 75
76 53
50 1
92 16
58 14
38 45
18 39
7 48
19 13
36 93
80 41
15 70
0 27
63 83
6 79
23 37
35 2
53 38
95 53
88 23
66 93
89 67
80 9
49 40
27 3
86 89
26 47
61 14
90 50
70 81
79 59
0 4
50 32
81 10
90 77
9 89
39 22
72 28
44 55
25 69
56 47
10 89
51 90
97 57
66 97
38 35
91 10
78 89
83 15
11 8
7 56
19 21
0 26
48 75
72 5
72 32
22 31
34 42
66 83
37 47
97 61
89 57
70 53
43 99
3 63
16 91
26 46
83 10
63 41
77 88
17 83
53 5
81 85
52 49
73 81
33 45
45 10
22 26
31 93
12 89
43 67
23 98
49 7
51 89
74 91
70 75
19 2
94 5
77 83
5 76
75 10
82 58
94 23
21 57
61 93
53 18
37 1
39 83
34 14
45 14
85 50
54 90
12 93
51 75
97 51
79 12
70 61
18 23
27 1
47 68
82 44
30 6
94 18
77 96
33 8
81 57
27 86
53 4
62 71
10 42
45 9
37 14
84 86
12 79
37 23
85 72
1 60
79 16
35 80
71 12
16 76
24 89
13 89
77 73
26 98
69 87
2 15
73 66
81 79
53 8
62 75
37 0
56 13
14 7
66 63
78 28
35 57
86 41
53 93
89 37
17 36
5 34
33 7
39 59
11 86
74 35
0 86
39 68
12 60
51 42
13 25
20 82
70 1
43 47
78 14
86 27
76 62
99 64
24 70
96 86
57 67
28 40
6 12
38 81
81 24
49 99
42 60
93 7
42 69
32 15
43 15
66 17
22 1
74 39
95 89
4 78
87 94
47 21
57 62
49 58
40 0
58 45
69 54
90 95
80 72
52 1
8 53
10 4
19 71
81 55
62 51
39 49
10 13
93 29
32 10
11 76
0 76
91 96
8 89
19 89
87 53
60 99
66 30
4 73
45 74
38 53
17 30
26 87
27 61
63 91
93 15
94 87
52 81
96 26
41 90
53 55
4 50
53 64
45 60
35 37
45 78
76 56
5 14
80 26
69 35
98 80
26 82
61 49
54 10
42 54
62 32
72 54
87 52
1 12
24 23
64 59
45 55
2 93
37 60
5 0
3 67
15 50
9 16
38 61
61 26
98 84
26 77
17 96
15 77
61 44
48 74
71 85
73 27
84 33
11 61
88 3
96 16
16 5
99 21
45 59
77 2
14 71
67 74
57 51
18 32
15 45
77 29
42 8
36 86
15 63
8 24
9 87
8 33
40 65
62 13
60 43
11 47
87 15
95 28
64 40
72 53
33 71
45 36
25 76
37 68
3 66
67 78
38 42
70 83
8 10
50 25
18 54
30 28
8 28
54 4
84 5
29 69
40 78
23 7
87 10
72 21
75 54
84 32
95 32
76 9
37 36
38 1
45 49
67 64
59 78
42 7
7 49
11 10
40 46
71 61
29 46
6 53
84 0
95 0
10 41
41 56
62 88
85 80
38 14
